000 = 456 134  40 36
001 = 104 468  32 35
002 = 448 371  24 36
003 = 368 232  32 34
004 = 152 382  32 37
005 = 112 426  32 37
006 = 304 251  32 36
007 = 224 352  32 35
008 = 184 389  32 35
009 = 336 251  32 35
010 = 488 205  24 35
011 = 160 344  32 38
012 =  40 323  40 31
013 = 208  32  48 31
014 = 168 462  32 31
015 = 272 294  32 36
016 = 232   0  24 32
017 = 120 284  40 30
018 =  80 288  40 31
019 = 120 253  40 31
020 = 368 297  32 30
021 = 456 409  24 30
022 = 208 424  32 31
023 = 416 472  24 30
024 = 432 407  24 32
025 =   0 252  40 34
026 = 136 463  32 33
027 = 304 287  32 35
028 = 176 424  32 34
029 =   0 385  40 31
030 =  80 256  40 32
031 = 160 255  40 30
032 =  40 354  40 31
033 = 272 122  48 32
034 = 144 426  32 36
035 = 400 440  24 32
036 = 336 286  32 32
037 = 216 389  32 33
038 = 440 472  24 29
039 = 544 229  24 17
040 = 176 104  16 16
041 = 544 246  24 17
042 = 448 344  32 14
043 = 496 327  24 15
044 =  48 559  16 15
045 = 544 325  24 14
046 = 464 333  32 11
047 = 496 311  24 16
048 = 400 322  32 25
049 = 400 232  32 31
050 = 368 453  24 33
051 = 368 266  32 31
052 = 248 396  32 31
053 = 136  34   8  6
054 = 176  65   8  8
055 = 256 206  16  9
056 = 448  80  16 11
057 =   0 563  16 11
058 =  96 555  16 19
059 = 512 222  24 18
060 = 528 353  24 13
061 = 272 506  16 16
062 = 256 530  16 16
063 = 240 548  16 16
064 = 288 512  16 15
065 = 520 309  24 15
066 = 544 136  24 19
067 = 520   0  24 24
068 = 168 493  32 19
069 = 360 486  24 25
070 = 272 538  16 15
071 = 288 527  16 15
072 = 552 127  16  9
073 = 304 512  16 15
074 = 320 206  24  9
075 = 344 206  24  9
076 = 104 503  24  9
077 = 384 503  24  9
078 = 408 503  24  9
079 = 496 452  24  9
080 = 528 427  24  9
081 = 520 441  24  9
082 = 464 498  24  9
083 = 520 450  24  9
084 = 520 459  24  9
085 = 512 468  24  9
086 =   0 491  40 13
087 = 368 162  48 13
088 = 304 238  48 13
089 = 368 175  48 13
090 = 112 157  56 17
091 = 544 155  24 19
092 = 352 109  16 13
093 =  32 561  16 13
094 = 328 349  16 13
095 = 336 507  16 13
096 = 336 520  16 13
097 = 520 181  24 19
098 = 432 322  32 22
099 = 448 439  24 30
100 = 464 469  24 29
101 = 408 407  24 33
102 = 352 215  16 33
103 = 480 344  24 33
104 =  24 505  24  7
105 =  48 505  24  7
106 = 152 419  24  7
107 =  72 505  24  7
108 = 464 126  24  7
109 = 304 322  24  7
110 = 112 188  48 65
111 = 368 188  40 44
112 = 400   0  48 32
113 = 464  80  40 46
114 = 272 256  32 38
115 = 456 170  40 35
116 = 304  89  48 33
117 =   0 320  40 33
118 = 256 242  48 14
119 = 320 122  48 29
120 = 352  78  48 31
121 =  56 237  48 19
122 = 416 114  48 20
123 = 448  57  48 23
124 = 256 215  48 27
125 = 304 215  48 23
126 = 160 285  40 27
127 =   0 286  40 34
128 = 528 339  24 14
129 = 272 553  16 15
130 = 512 203  24 19
131 = 400  91  16 18
132 =  80 556  16 18
133 = 504 405  24 12
134 = 544 174  24 19
135 =   0 538  16 25
136 = 528 115  24 21
137 = 544  24  24 23
138 = 528 477  16 27
139 = 112 554  16 20
140 =  64 512  16 23
141 = 112 512  16 21
142 = 528 405  24 11
143 = 544 391  24 11
144 =  80 512  16 22
145 =  64 535  16 22
146 = 144 533  16 19
147 = 208 531  16 18
148 = 192 550  16 18
149 = 128 554  16 19
150 = 552  70  16 29
151 =  96 534  16 21
152 = 552  99  16 28
153 = 520 141  24 20
154 = 544 295  24 15
155 = 288 542  16 15
156 = 176 512  16 19
157 = 128 512  16 21
158 = 112 533  16 21
159 = 496 294  24 17
160 = 504 417  24 12
161 = 496 391  24 13
162 = 528 366  24 13
163 = 520 276  24 17
164 = 528  71  24 22
165 = 304 556  16 13
166 = 272 522  16 16
167 =  16 538  16 24
168 =  64 557  16 17
169 = 440 501  24 11
170 =  48 536  16 23
171 = 496 240  24 18
172 = 520 324  24 15
173 = 504 342  24 15
174 = 544 310  24 15
175 = 160 533  16 19
176 = 496 183  24 20
177 = 240 512  16 18
178 = 168 157   8 23
179 = 144 512  16 21
180 = 224 531  16 18
181 = 208 194  16 12
182 =  16 562  16 12
183 = 256 562  16 12
184 = 520  48  24 23
185 = 208 549  16 18
186 = 256 546  16 16
187 = 288 557  16 14
188 =  96 512  16 22
189 = 448 358  32 13
190 = 544 263  24 16
191 = 544 193  24 18
192 = 320 541  16 13
193 = 496 377  24 14
194 = 144 552  16 19
195 =  32 512  16 25
196 = 328 322   8 22
197 = 336 533  16 13
198 = 192 512  16 19
199 = 520 293  24 16
200 = 496 258  24 18
201 = 520 379  24 13
202 = 304 527  16 15
203 = 552 339  16 28
204 = 304 542  16 14
205 =  48 512  16 24
206 = 536 211  24 18
207 = 336 427  32 20
208 = 376 406  32 17
209 = 432 512  16 11
210 = 544 486  16 26
211 = 520 240  24 18
212 = 520 392  24 13
213 = 544 379  24 12
214 = 320 512  16 15
215 = 176 531  16 19
216 = 160 552  16 19
217 = 208 512  16 19
218 = 192 531  16 19
219 = 176 550  16 19
220 = 328 491  24 16
221 = 528  93  24 22
222 = 256 512  16 18
223 = 544 279  24 16
224 = 352 511  16 12
225 = 320 554  16 12
226 = 400 548  16 11
227 = 136 496  32 16
228 =  40 439  40 14
229 = 120 363  40 14
230 =  80 403  40 14
231 = 368 427  32 14
232 =   0 512  16 26
233 = 240 530  16 18
234 = 224 549  16 18
235 = 496 276  24 18
236 =  40 464  32 41
237 = 320 362  32 29
238 = 520 161  24 20
239 =  40 290  40 33
240 = 368 136  48 26
241 = 416 536  16 11
242 = 432 523  16 11
243 = 400 559  16 11
244 = 448 512  16 11
245 = 416 547  16 11
246 = 432 534  16 11
247 = 448 523  16 11
248 = 464 507  16 11
249 = 416 558  16 11
250 = 432 545  16 11
251 = 464 518  16 11
252 = 448 534  16 11
253 = 488 497  16 11
254 = 432 556  16 11
255 = 448 545  16 11
256 = 464 529  16 11
257 = 480 508  16 11
258 = 480 519  16 11
259 = 448 556  16 11
260 = 464 540  16 11
261 = 496 508  16 11
262 = 480 530  16 11
263 = 496 519  16 11
264 = 464 551  16 11
265 = 512 505  16 11
266 = 480 541  16 11
267 = 464 562  16 11
268 = 184  65   8  8
269 = 496 530  16 11
270 = 104 237   8 11
271 = 168  68   8  5
272 = 160 188   8  5
273 = 352 523  16 12
274 = 352   0  48 40
275 =  56 144  56 30
276 = 304   0  48 48
277 =  80 417  32 51
278 = 176 124  48 70
279 = 256   0  48 70
280 =   0 446  40 27
281 = 448   0  48 29
282 = 112 174  56 14
283 = 368 511  16 12
284 = 336 546  16 12
285 = 352 535  16 12
286 = 368 523  16 12
287 = 336 558  16 12
288 = 384 512  16 12
289 = 352 547  16 12
290 = 368 535  16 12
291 = 384 524  16 12
292 = 352 559  16 12
293 = 400 512  16 12
294 = 368 547  16 12
295 = 552 367  16 12
296 = 384 536  16 12
297 = 400 524  16 12
298 = 368 559  16 12
299 = 344 406  32 21
300 = 168 180   8 10
301 = 416 512  16 12
302 = 384 548  16 12
303 = 400 536  16 12
304 = 144  34  64 31
305 = 336 447  32 16
306 = 232 304   8 10
307 = 160 234  48 21
308 = 416 524  16 12
309 = 112 144   8 12
310 = 384 560  16 12
311 =  16 512  16 26
312 = 496  25  24 24
313 = 432 240  32 29
314 = 480 409  24 30
315 = 232 457  32 29
316 = 160 194  48 40
317 = 296 478  32 19
318 = 432 297  32 25
319 = 488 469  24 28
320 = 416 382  32 14
321 = 416 367  32 15
322 = 328 463  32 14
323 = 296 497  32 15
324 = 552 402  16 28
325 = 552 430  16 28
326 = 512 477  16 28
327 = 544 458  16 28
328 = 496 141  24 21
329 = 496   0  24 25
330 = 200 489  32 23
331 = 384 355  32 23
332 = 472 377  24 32
333 = 472 439  24 30
334 = 464 292  32 22
335 = 160 330  40 14
336 = 200 292  40 12
337 = 504 357  24 15
338 = 416 396  32 11
339 = 496 162  24 21
340 = 240 564  16 10
341 = 528 504  16  9
342 = 264 315   8 10
343 = 512 516  16 10
344 = 480 552  16 10
345 = 384 399  24  7
346 = 320 527  16 14
347 = 504 429  24 12
348 = 528 416  24 11
349 =  80 350  40 29
350 = 400 294  32 28
351 = 368 327  32 28
352 =  40 415  40 24
353 = 408 196  40 36
354 =  80 319  40 31
355 = 424 440  24 32
356 = 288 364  32 31
357 = 336 318  32 31
358 = 200 458  32 31
359 = 128 533  16 21
360 = 160 512  16 21
361 =  32 537  16 24
362 = 520  24  24 24
363 = 200 256  40 20
364 = 160 312  40 18
365 = 272 427  32 28
366 = 104 248   8  5
367 = 496 461  24  7
368 = 368 441  32 12
369 = 384 378  32 21
370 = 256 116  24  6
371 =   0 504  24  8
372 = 504 119  24 22
373 = 432 269  32 28
374 = 392 472  24 31
375 =   0 416  40 30
376 = 232 486  32 26
377 = 464 314  32 19
378 = 224 512  16 19
379 = 520 258  24 18
380 = 496 441  24 11
381 = 144  68  24  5
382 = 368 109  48 27
383 = 272 186  48 29
384 = 304  48  48 41
385 = 272 154  48 32
386 = 144  65  32  3
387 = 104  34  32  5
388 =  40 453  40 11
389 = 208 237  48 19
390 = 120 108  56 27
391 =  80  41  64 32
392 = 128  73  64 31
393 = 192  65  64 31
394 = 168   0  64 32
395 = 224 167  48 39
396 = 400  62  48 29
397 = 400  32  48 30
398 = 320 179  48 27
399 = 104   0  64 34
400 =  64 108  56 36
401 =   0 353  40 32
402 =  64  73  64 35
403 =   0  73  64 43
404 =   0 143  56 45
405 =  72 468  32 37
406 = 192 352  32 37
407 = 264 330  32 34
408 = 232 315  32 37
409 = 256  70  48 46
410 = 224 124  48 43
411 =   0 222  56 30
412 = 120 314  40 28
413 =  80 379  40 24
414 =  56 221  56 16
415 = 120 377  32 49
416 = 240 256  32 59
417 = 200 304  32 48
418 =   0 188  56 34
419 =   0 116  64 27
420 = 240 427  32 30
421 = 464 240  32 28
422 = 296 330  32 32
423 = 120 342  40 21
424 = 256 364  32 32
425 = 400 263  32 31
426 = 280 396  32 30
427 = 320 151  48 28
428 =   0  41  80 32
429 =  40 385  40 30
430 = 448 205  40 35
431 = 416 134  40 62
432 = 120 135  56 22
433 =  56 174  56 24
434 =  56 198  56 23
435 = 200 276  40 16
436 =   0 473  40 18
437 = 328 477  32 14
438 =   0   0 104 41
439 =  80 534  16 22
440 = 504  73  24 23
441 = 544  47  24 23
442 = 504  96  24 23
443 = 264 483  32 23
444 = 544   0  24 24
445 = 304 426  32 24
446 = 464 268  32 24
447 = 296 455  32 23
448 = 312 395  32 27
449 = 352 355  32 27
450 = 352 382  32 24
451 = 496  49  24 24
452 = 416 347  32 20
453 = 448  29  48 28
454 = 192  96  64 28
455 = 208 206  48 31
456 = 352  40  48 38
457 =  40 256  40 34
458 = 264 457  32 26
459 = 416  91  48 23
